x(1) = 0.01 y(1) = 20.4006
x(2) = 0.02 y(2) = 20.8025
x(3) = 0.03 y(3) = 21.2057
x(4) = 0.04 y(4) = 21.6102
x(5) = 0.05 y(5) = 22.0159
x(6) = 0.060000000000000005 y(6) = 22.4229
x(7) = 0.07 y(7) = 22.8311
x(8) = 0.08 y(8) = 23.2406
x(9) = 0.09 y(9) = 23.6514
x(10) = 0.09999999999999999 y(10) = 24.0635
