x1 = 33.70495183127269
x2 = 51.33866582598006
x3 = 68.52638040270122
x4 = 33.48152296883722
x5 = 53.124189376831055
x6 = 72.76723725455145
x7 = 47.097808974129826
x8 = 54.91009439740861
x9 = 69.41923754555836
iteracoes necessarias: 33