x1 = 33.7049160684859
x2 = 51.3388446399144
x3 = 68.52656517710004
x4 = 33.481701782771545
x5 = 53.12455892562866
x6 = 72.76763660567147
x7 = 47.097993748528616
x8 = 54.91049374852861
x9 = 69.41953258855003
iteracoes necessarias: 18